customer_id,first_name,last_name,email
CUST100000,Hassan,Aziz,user29772@mail.com
CUST100001,Rana,Haddad,user16328@mail.com
CUST100002,Yousef,Malik,user80239@mail.com
CUST100003,Lina,Saleh,user86387@mail.com
CUST100004,Lina,Saleh,
CUST100005,Nour,Haddad,user14914@mail.com
CUST100006,Nour,Saleh,user64810@mail.com
CUST100007,Rana,Khan,
CUST100008,Nour,Nasser,user65642@mail.com
CUST100009,Ali,Saleh,
CUST100010,Rana,Saleh,user39260@mail.com
CUST100011,Ali,Aziz,user86414@mail.com
CUST100012,Nour,Aziz,user85642@mail.com
CUST100013,Yousef,Fahmy,user16499@mail.com
CUST100014,Hassan,Khan,user16105@mail.com
CUST100015,Ahmed,Zayed,user27455@mail.com
CUST100016,Nour,Zayed,user28907@mail.com
CUST100017,Ahmed,Khan,user84830@mail.com
CUST100018,Nour,Nasser,user99391@mail.com
CUST100019,Yousef,Zayed,user86231@mail.com
CUST100020,Lina,Malik,user34624@mail.com
CUST100021,Maya,Saleh,user81793@mail.com
CUST100022,Ali,Nasser,user83972@mail.com
CUST100023,Ali,Khan,
CUST100024,Nour,Khan,user99181@mail.com
CUST100025,Maya,Nasser,user51175@mail.com
CUST100026,Ahmed,Nasser,user69399@mail.com
CUST100027,Ahmed,Saleh,user42561@mail.com
CUST100028,Omar,Nasser,user41994@mail.com
CUST100029,Ali,Fahmy,user49354@mail.com
CUST100030,Rana,Malik,user55020@mail.com
CUST100031,Yousef,Nasser,user47740@mail.com
CUST100032,Hassan,Malik,user19594@mail.com
CUST100033,Rana,Saleh,user64804@mail.com
CUST100034,Nour,Aziz,user54833@mail.com
CUST100035,Lina,Nasser,user74089@mail.com
CUST100036,Lina,Aziz,user97584@mail.com
CUST100037,Ali,Nasser,user83148@mail.com
CUST100038,Lina,Saleh,user51123@mail.com
CUST100039,Ahmed,Nasser,user55898@mail.com
CUST100040,Sara,Haddad,user86008@mail.com
CUST100041,Ahmed,Haddad,user19012@mail.com
CUST100042,Ahmed,Zayed,user45381@mail.com
CUST100043,Yousef,Aziz,user97051@mail.com
CUST100044,Nour,Malik,
CUST100045,Nour,Fahmy,user50580@mail.com
CUST100046,Rana,Fahmy,user99291@mail.com
CUST100047,Lina,Nasser,user47302@mail.com
CUST100048,Ahmed,Khan,user97641@mail.com
CUST100049,Nour,Malik,user70515@mail.com
CUST100050,Nour,Malik,user90074@mail.com
CUST100051,Nour,Haddad,user17727@mail.com
CUST100052,Ahmed,Malik,user47674@mail.com
CUST100053,Maya,Haddad,user42455@mail.com
CUST100054,Hassan,Saleh,user75078@mail.com
CUST100055,Lina,Haddad,user68875@mail.com
CUST100056,Sara,Khan,user46416@mail.com
CUST100057,Lina,Haddad,user66429@mail.com
CUST100058,Sara,Aziz,user46493@mail.com
CUST100059,Lina,Nasser,user57024@mail.com
CUST100060,Hassan,Fahmy,user59865@mail.com
CUST100061,Lina,Fahmy,user29781@mail.com
CUST100062,Sara,Aziz,user29830@mail.com
CUST100063,Rana,Aziz,user40583@mail.com
CUST100064,Maya,Fahmy,
CUST100065,Rana,Zayed,user33900@mail.com
CUST100066,Sara,Khan,user10536@mail.com
CUST100067,Omar,Haddad,user80069@mail.com
CUST100068,Lina,Aziz,user84231@mail.com
CUST100069,Omar,Saleh,user26448@mail.com
CUST100070,Omar,Aziz,user77566@mail.com
CUST100071,Maya,Zayed,user95847@mail.com
CUST100072,Nour,Haddad,user17076@mail.com
CUST100073,Lina,Malik,user99204@mail.com
CUST100074,Ahmed,Malik,user61429@mail.com
CUST100075,Rana,Haddad,user61658@mail.com
CUST100076,Rana,Saleh,user93137@mail.com
CUST100077,Lina,Fahmy,user34983@mail.com
CUST100078,Hassan,Khan,
CUST100079,Maya,Malik,user31273@mail.com
CUST100080,Lina,Saleh,user88738@mail.com
CUST100081,Ahmed,Saleh,
CUST100082,Hassan,Khan,
CUST100083,Ali,Aziz,user23299@mail.com
CUST100084,Yousef,Fahmy,user90443@mail.com
CUST100085,Nour,Fahmy,
CUST100086,Omar,Zayed,user90487@mail.com
CUST100087,Nour,Aziz,user93153@mail.com
CUST100088,Lina,Zayed,user55533@mail.com
CUST100089,Ali,Haddad,user72147@mail.com
CUST100090,Yousef,Saleh,user73972@mail.com
CUST100091,Yousef,Malik,user71078@mail.com
CUST100092,Maya,Malik,user50875@mail.com
CUST100093,Yousef,Aziz,user23393@mail.com
CUST100094,Maya,Zayed,user44702@mail.com
CUST100095,Nour,Fahmy,user31160@mail.com
CUST100096,Sara,Khan,user36897@mail.com
CUST100097,Maya,Aziz,user79239@mail.com
CUST100098,Hassan,Haddad,user81194@mail.com
CUST100099,Hassan,Aziz,user79220@mail.com
CUST100100,Rana,Malik,user94268@mail.com
CUST100101,Rana,Fahmy,user44224@mail.com
CUST100102,Ahmed,Malik,user31894@mail.com
CUST100103,Yousef,Malik,user39201@mail.com
CUST100104,Omar,Zayed,user75889@mail.com
CUST100105,Yousef,Aziz,user39234@mail.com
CUST100106,Ali,Aziz,user35578@mail.com
CUST100107,Omar,Saleh,user62518@mail.com
CUST100108,Hassan,Haddad,user39719@mail.com
CUST100109,Sara,Haddad,user74589@mail.com
CUST100110,Yousef,Fahmy,user13798@mail.com
CUST100111,Sara,Khan,user46623@mail.com
CUST100112,Maya,Saleh,user35381@mail.com
CUST100113,Sara,Malik,user55125@mail.com
CUST100114,Yousef,Khan,user55812@mail.com
CUST100115,Rana,Fahmy,user57793@mail.com
CUST100116,Ali,Saleh,user23389@mail.com
CUST100117,Yousef,Malik,user35782@mail.com
CUST100118,Maya,Aziz,user73262@mail.com
CUST100119,Rana,Nasser,user89988@mail.com
CUST100120,Nour,Zayed,user72845@mail.com
CUST100121,Maya,Haddad,user55089@mail.com
CUST100122,Hassan,Nasser,user21112@mail.com
CUST100123,Rana,Malik,user25716@mail.com
CUST100124,Yousef,Nasser,user36125@mail.com
CUST100125,Ali,Aziz,user33399@mail.com
CUST100126,Sara,Zayed,user93341@mail.com
CUST100127,Maya,Malik,user61883@mail.com
CUST100128,Maya,Fahmy,user21130@mail.com
CUST100129,Ali,Aziz,user32282@mail.com
CUST100130,Lina,Khan,user13610@mail.com
CUST100131,Nour,Saleh,user70994@mail.com
CUST100132,Nour,Saleh,user29159@mail.com
CUST100133,Rana,Nasser,user88101@mail.com
CUST100134,Hassan,Fahmy,user96149@mail.com
CUST100135,Nour,Zayed,user30435@mail.com
CUST100136,Maya,Zayed,user27168@mail.com
CUST100137,Rana,Zayed,
CUST100138,Yousef,Haddad,user95154@mail.com
CUST100139,Omar,Saleh,user28251@mail.com
CUST100140,Ahmed,Saleh,user35533@mail.com
CUST100141,Maya,Nasser,user37661@mail.com
CUST100142,Lina,Malik,
CUST100143,Ahmed,Khan,user75688@mail.com
CUST100144,Maya,Khan,user86865@mail.com
CUST100145,Nour,Malik,user81349@mail.com
CUST100146,Sara,Aziz,user27180@mail.com
CUST100147,Ali,Saleh,
CUST100148,Hassan,Nasser,user70052@mail.com
CUST100149,Rana,Khan,user77732@mail.com
CUST100150,Ahmed,Nasser,user75752@mail.com
CUST100151,Omar,Fahmy,user29901@mail.com
CUST100152,Ahmed,Zayed,user12451@mail.com
CUST100153,Nour,Haddad,user34000@mail.com
CUST100154,Yousef,Khan,user29634@mail.com
CUST100155,Omar,Khan,user72061@mail.com
CUST100156,Rana,Malik,user25772@mail.com
CUST100157,Rana,Haddad,user52727@mail.com
CUST100158,Maya,Nasser,user79563@mail.com
CUST100159,Sara,Nasser,user23907@mail.com
CUST100160,Ahmed,Khan,user17447@mail.com
CUST100161,Ahmed,Khan,user46296@mail.com
CUST100162,Rana,Nasser,
CUST100163,Sara,Saleh,user69267@mail.com
CUST100164,Sara,Khan,user18305@mail.com
CUST100165,Maya,Nasser,user90285@mail.com
CUST100166,Lina,Saleh,user89447@mail.com
CUST100167,Omar,Malik,user46331@mail.com
CUST100168,Ahmed,Haddad,user79898@mail.com
CUST100169,Hassan,Saleh,user76552@mail.com
CUST100170,Ali,Nasser,user78578@mail.com
CUST100171,Nour,Aziz,user44025@mail.com
CUST100172,Sara,Zayed,user36553@mail.com
CUST100173,Hassan,Malik,user27974@mail.com
CUST100174,Rana,Khan,user61427@mail.com
CUST100175,Lina,Zayed,user19508@mail.com
CUST100176,Yousef,Khan,user66143@mail.com
CUST100177,Nour,Nasser,user97749@mail.com
CUST100178,Sara,Fahmy,user26036@mail.com
CUST100179,Ahmed,Zayed,user30243@mail.com
CUST100180,Omar,Saleh,user94339@mail.com
CUST100181,Nour,Khan,user28740@mail.com
CUST100182,Ahmed,Haddad,user27990@mail.com
CUST100183,Ahmed,Saleh,user38781@mail.com
CUST100184,Rana,Khan,user22337@mail.com
CUST100185,Ali,Nasser,user73866@mail.com
CUST100186,Omar,Haddad,user97534@mail.com
CUST100187,Ahmed,Haddad,user31163@mail.com
CUST100188,Maya,Fahmy,user77581@mail.com
CUST100189,Maya,Aziz,user65217@mail.com
CUST100190,Ahmed,Zayed,user51749@mail.com
CUST100191,Rana,Haddad,user57966@mail.com
CUST100192,Ahmed,Nasser,
CUST100193,Ali,Fahmy,user67731@mail.com
CUST100194,Hassan,Malik,user60376@mail.com
CUST100195,Maya,Khan,user91779@mail.com
CUST100196,Sara,Aziz,user18426@mail.com
CUST100197,Hassan,Haddad,user39957@mail.com
CUST100198,Ahmed,Khan,user23733@mail.com
CUST100199,Nour,Fahmy,user45641@mail.com
CUST100200,Omar,Fahmy,
CUST100201,Ahmed,Zayed,user45447@mail.com
CUST100202,Lina,Haddad,user65345@mail.com
CUST100203,Rana,Saleh,user98601@mail.com
CUST100204,Ali,Khan,user43896@mail.com
CUST100205,Lina,Nasser,user80333@mail.com
CUST100206,Nour,Zayed,user84789@mail.com
CUST100207,Sara,Nasser,user52866@mail.com
CUST100208,Ahmed,Zayed,user17540@mail.com
CUST100209,Sara,Saleh,user34031@mail.com
CUST100210,Hassan,Saleh,user19491@mail.com
CUST100211,Yousef,Haddad,user12206@mail.com
CUST100212,Sara,Haddad,user44151@mail.com
CUST100213,Ahmed,Zayed,user39151@mail.com
CUST100214,Sara,Malik,
CUST100215,Ahmed,Fahmy,user69477@mail.com
CUST100216,Sara,Malik,
CUST100217,Ali,Malik,user64756@mail.com
CUST100218,Hassan,Nasser,user45108@mail.com
CUST100219,Sara,Zayed,user15663@mail.com
CUST100220,Yousef,Nasser,user41252@mail.com
CUST100221,Ali,Saleh,user31161@mail.com
CUST100222,Maya,Aziz,user33743@mail.com
CUST100223,Omar,Nasser,user50893@mail.com
CUST100224,Hassan,Aziz,user79610@mail.com
CUST100225,Nour,Zayed,user48005@mail.com
CUST100226,Hassan,Nasser,user98100@mail.com
CUST100227,Sara,Fahmy,user55482@mail.com
CUST100228,Omar,Saleh,user42826@mail.com
CUST100229,Ali,Malik,
CUST100230,Maya,Saleh,
CUST100231,Omar,Malik,user34832@mail.com
CUST100232,Rana,Nasser,user42201@mail.com
CUST100233,Yousef,Saleh,user23930@mail.com
CUST100234,Omar,Fahmy,user95210@mail.com
CUST100235,Maya,Zayed,user74880@mail.com
CUST100236,Nour,Aziz,user61522@mail.com
CUST100237,Nour,Nasser,user50341@mail.com
CUST100238,Maya,Malik,user40089@mail.com
CUST100239,Maya,Aziz,user93358@mail.com
CUST100240,Yousef,Zayed,user55554@mail.com
CUST100241,Ahmed,Aziz,user27015@mail.com
CUST100242,Yousef,Nasser,
CUST100243,Hassan,Malik,user43501@mail.com
CUST100244,Yousef,Nasser,user17261@mail.com
CUST100245,Omar,Saleh,user59922@mail.com
CUST100246,Yousef,Khan,user97889@mail.com
CUST100247,Ali,Khan,user88483@mail.com
CUST100248,Nour,Zayed,user48411@mail.com
CUST100249,Ahmed,Zayed,
CUST100250,Maya,Saleh,user45263@mail.com
CUST100251,Ali,Aziz,user44503@mail.com
CUST100252,Rana,Malik,user53113@mail.com
CUST100253,Nour,Zayed,user81706@mail.com
CUST100254,Nour,Khan,user14515@mail.com
CUST100255,Yousef,Khan,user50573@mail.com
CUST100256,Omar,Zayed,user33980@mail.com
CUST100257,Maya,Haddad,
CUST100258,Yousef,Fahmy,user72212@mail.com
CUST100259,Sara,Aziz,user95985@mail.com
CUST100260,Rana,Haddad,user76156@mail.com
CUST100261,Lina,Zayed,user21908@mail.com
CUST100262,Hassan,Khan,user21764@mail.com
CUST100263,Ahmed,Khan,user86913@mail.com
CUST100264,Lina,Saleh,
CUST100265,Maya,Haddad,
CUST100266,Yousef,Fahmy,user40514@mail.com
CUST100267,Hassan,Nasser,user79361@mail.com
CUST100268,Ahmed,Haddad,user30349@mail.com
CUST100269,Hassan,Malik,user88192@mail.com
CUST100270,Sara,Haddad,user52747@mail.com
CUST100271,Maya,Haddad,user74774@mail.com
CUST100272,Omar,Malik,user91095@mail.com
CUST100273,Hassan,Fahmy,user15739@mail.com
CUST100274,Ali,Khan,user77237@mail.com
CUST100275,Nour,Nasser,user76262@mail.com
CUST100276,Maya,Saleh,user78649@mail.com
CUST100277,Nour,Khan,user84511@mail.com
CUST100278,Maya,Malik,user12107@mail.com
CUST100279,Lina,Saleh,user86554@mail.com
CUST100280,Nour,Malik,user99508@mail.com
CUST100281,Yousef,Malik,user94264@mail.com
CUST100282,Omar,Nasser,user14084@mail.com
CUST100283,Lina,Aziz,
CUST100284,Sara,Malik,user23751@mail.com
CUST100285,Sara,Saleh,user69164@mail.com
CUST100286,Ali,Haddad,user92282@mail.com
CUST100287,Hassan,Aziz,
CUST100288,Omar,Nasser,user42054@mail.com
CUST100289,Sara,Khan,user10434@mail.com
CUST100290,Nour,Haddad,user19189@mail.com
CUST100291,Ahmed,Nasser,user75925@mail.com
CUST100292,Ali,Haddad,user22051@mail.com
CUST100293,Ali,Malik,user18657@mail.com
CUST100294,Sara,Zayed,user72109@mail.com
CUST100295,Omar,Fahmy,user19758@mail.com
CUST100296,Lina,Aziz,user40773@mail.com
CUST100297,Ahmed,Nasser,user36898@mail.com
CUST100298,Sara,Malik,user95187@mail.com
CUST100299,Sara,Saleh,user74742@mail.com
CUST100300,Maya,Nasser,user20058@mail.com
CUST100301,Maya,Khan,user99613@mail.com
CUST100302,Yousef,Aziz,user16127@mail.com
CUST100303,Ahmed,Zayed,user94248@mail.com
CUST100304,Rana,Khan,user88604@mail.com
CUST100305,Lina,Nasser,user43284@mail.com
CUST100306,Omar,Malik,user49900@mail.com
CUST100307,Hassan,Zayed,user27490@mail.com
CUST100308,Omar,Khan,
CUST100309,Ali,Fahmy,
CUST100310,Hassan,Haddad,user98080@mail.com
CUST100311,Rana,Haddad,user38533@mail.com
CUST100312,Ahmed,Fahmy,user48123@mail.com
CUST100313,Ahmed,Malik,user47426@mail.com
CUST100314,Omar,Zayed,user71124@mail.com
CUST100315,Yousef,Khan,user81968@mail.com
CUST100316,Lina,Haddad,user21253@mail.com
CUST100317,Rana,Fahmy,user12294@mail.com
CUST100318,Maya,Aziz,user20022@mail.com
CUST100319,Hassan,Saleh,user68910@mail.com
CUST100320,Yousef,Nasser,user60704@mail.com
CUST100321,Rana,Khan,user37618@mail.com
CUST100322,Rana,Nasser,user21836@mail.com
CUST100323,Rana,Khan,user78690@mail.com
CUST100324,Hassan,Haddad,user57127@mail.com
CUST100325,Ali,Fahmy,user92794@mail.com
CUST100326,Omar,Saleh,user24768@mail.com
CUST100327,Hassan,Saleh,user40327@mail.com
CUST100328,Yousef,Saleh,user73719@mail.com
CUST100329,Maya,Haddad,user30849@mail.com
CUST100330,Lina,Aziz,
CUST100331,Maya,Saleh,user69082@mail.com
CUST100332,Omar,Aziz,user28442@mail.com
CUST100333,Yousef,Fahmy,user59296@mail.com
CUST100334,Hassan,Zayed,user53427@mail.com
CUST100335,Lina,Haddad,
CUST100336,Omar,Haddad,user62200@mail.com
CUST100337,Maya,Aziz,user35656@mail.com
CUST100338,Rana,Aziz,user47988@mail.com
CUST100339,Nour,Haddad,user18516@mail.com
CUST100340,Maya,Fahmy,user87224@mail.com
CUST100341,Ali,Khan,user66105@mail.com
CUST100342,Maya,Khan,user16326@mail.com
CUST100343,Omar,Nasser,user16765@mail.com
CUST100344,Ahmed,Malik,user47437@mail.com
CUST100345,Rana,Saleh,user29518@mail.com
CUST100346,Lina,Aziz,user44829@mail.com
CUST100347,Omar,Zayed,user51366@mail.com
CUST100348,Omar,Saleh,user58935@mail.com
CUST100349,Hassan,Saleh,user66065@mail.com
CUST100350,Lina,Malik,user92692@mail.com
CUST100351,Hassan,Khan,user82633@mail.com
CUST100352,Ali,Zayed,user20561@mail.com
CUST100353,Nour,Aziz,
CUST100354,Ahmed,Fahmy,user69095@mail.com
CUST100355,Omar,Aziz,user28162@mail.com
CUST100356,Nour,Nasser,user47513@mail.com
CUST100357,Ali,Malik,user82103@mail.com
CUST100358,Ali,Zayed,user71890@mail.com
CUST100359,Hassan,Khan,user46929@mail.com
CUST100360,Ahmed,Khan,user95566@mail.com
CUST100361,Hassan,Malik,user95982@mail.com
CUST100362,Sara,Haddad,user73331@mail.com
CUST100363,Nour,Zayed,user61690@mail.com
CUST100364,Hassan,Saleh,user94306@mail.com
CUST100365,Rana,Saleh,user37246@mail.com
CUST100366,Ahmed,Fahmy,user75152@mail.com
CUST100367,Sara,Haddad,user69373@mail.com
CUST100368,Ahmed,Zayed,user68977@mail.com
CUST100369,Yousef,Zayed,user81799@mail.com
CUST100370,Omar,Zayed,user21890@mail.com
CUST100371,Ahmed,Aziz,user82859@mail.com
CUST100372,Omar,Aziz,user41342@mail.com
CUST100373,Hassan,Haddad,user84660@mail.com
CUST100374,Hassan,Aziz,user12632@mail.com
CUST100375,Sara,Haddad,user64104@mail.com
CUST100376,Ahmed,Aziz,user78703@mail.com
CUST100377,Ahmed,Haddad,user45420@mail.com
CUST100378,Omar,Saleh,user18134@mail.com
CUST100379,Lina,Haddad,user85272@mail.com
CUST100380,Nour,Saleh,user26498@mail.com
CUST100381,Yousef,Haddad,user79366@mail.com
CUST100382,Rana,Fahmy,user38306@mail.com
CUST100383,Lina,Malik,user42565@mail.com
CUST100384,Maya,Saleh,user94645@mail.com
CUST100385,Yousef,Nasser,user50896@mail.com
CUST100386,Ali,Khan,user12858@mail.com
CUST100387,Yousef,Saleh,user65731@mail.com
CUST100388,Nour,Zayed,user72032@mail.com
CUST100389,Lina,Haddad,user74202@mail.com
CUST100390,Ali,Khan,
CUST100391,Maya,Fahmy,user79187@mail.com
CUST100392,Yousef,Fahmy,user68844@mail.com
CUST100393,Hassan,Khan,user24292@mail.com
CUST100394,Omar,Haddad,user29931@mail.com
CUST100395,Nour,Aziz,user99400@mail.com
CUST100396,Rana,Nasser,user94849@mail.com
CUST100397,Yousef,Malik,user69942@mail.com
CUST100398,Ali,Zayed,user15183@mail.com
CUST100399,Yousef,Haddad,
CUST100400,Sara,Nasser,user84630@mail.com
CUST100401,Ahmed,Saleh,user94607@mail.com
CUST100402,Nour,Khan,user26772@mail.com
CUST100403,Yousef,Nasser,user79239@mail.com
CUST100404,Ali,Haddad,user24697@mail.com
CUST100405,Maya,Malik,user49367@mail.com
CUST100406,Hassan,Saleh,user86400@mail.com
CUST100407,Lina,Saleh,user44194@mail.com
CUST100408,Ahmed,Malik,user88782@mail.com
CUST100409,Nour,Malik,
CUST100410,Hassan,Zayed,user70383@mail.com
CUST100411,Ahmed,Zayed,user51465@mail.com
CUST100412,Ali,Nasser,user41766@mail.com
CUST100413,Maya,Haddad,user40771@mail.com
CUST100414,Ahmed,Zayed,user13837@mail.com
CUST100415,Nour,Nasser,user95150@mail.com
CUST100416,Maya,Zayed,user12855@mail.com
CUST100417,Sara,Haddad,user98403@mail.com
CUST100418,Maya,Saleh,user20628@mail.com
CUST100419,Rana,Khan,user97471@mail.com
CUST100420,Hassan,Nasser,user58525@mail.com
CUST100421,Sara,Khan,user14469@mail.com
CUST100422,Rana,Saleh,user65123@mail.com
CUST100423,Yousef,Aziz,user61951@mail.com
CUST100424,Maya,Aziz,user48287@mail.com
CUST100425,Yousef,Fahmy,user76175@mail.com
CUST100426,Ali,Haddad,
CUST100427,Maya,Haddad,user36268@mail.com
CUST100428,Rana,Aziz,user35419@mail.com
CUST100429,Hassan,Haddad,user39024@mail.com
CUST100430,Yousef,Fahmy,user48657@mail.com
CUST100431,Ahmed,Zayed,user91736@mail.com
CUST100432,Yousef,Saleh,user34551@mail.com
CUST100433,Omar,Fahmy,user73576@mail.com
CUST100434,Lina,Nasser,user97201@mail.com
CUST100435,Sara,Haddad,
CUST100436,Yousef,Khan,user61571@mail.com
CUST100437,Nour,Zayed,
CUST100438,Ahmed,Khan,
CUST100439,Ahmed,Nasser,user64445@mail.com
CUST100440,Hassan,Nasser,
CUST100441,Nour,Haddad,
CUST100442,Ahmed,Khan,user51182@mail.com
CUST100443,Omar,Aziz,user20402@mail.com
CUST100444,Rana,Saleh,user53154@mail.com
CUST100445,Yousef,Saleh,user95520@mail.com
CUST100446,Sara,Malik,user71291@mail.com
CUST100447,Omar,Khan,
CUST100448,Omar,Khan,user59626@mail.com
CUST100449,Ali,Saleh,user53476@mail.com
CUST100450,Rana,Zayed,user24281@mail.com
CUST100451,Nour,Haddad,
CUST100452,Omar,Saleh,user56067@mail.com
CUST100453,Hassan,Fahmy,user26214@mail.com
CUST100454,Nour,Malik,user37184@mail.com
CUST100455,Nour,Fahmy,user50461@mail.com
CUST100456,Rana,Haddad,user66681@mail.com
CUST100457,Sara,Haddad,user72057@mail.com
CUST100458,Ahmed,Khan,user80979@mail.com
CUST100459,Sara,Aziz,user35300@mail.com
CUST100460,Ali,Nasser,user72198@mail.com
CUST100461,Nour,Haddad,
CUST100462,Hassan,Khan,user91973@mail.com
CUST100463,Yousef,Haddad,user15328@mail.com
CUST100464,Sara,Fahmy,user70824@mail.com
CUST100465,Hassan,Fahmy,
CUST100466,Ali,Zayed,user43687@mail.com
CUST100467,Nour,Fahmy,user18238@mail.com
CUST100468,Lina,Saleh,user54442@mail.com
CUST100469,Lina,Nasser,user53905@mail.com
CUST100470,Yousef,Khan,user90868@mail.com
CUST100471,Hassan,Khan,
CUST100472,Rana,Malik,user51482@mail.com
CUST100473,Maya,Malik,user48981@mail.com
CUST100474,Nour,Fahmy,
CUST100475,Rana,Nasser,user93097@mail.com
CUST100476,Rana,Haddad,user18563@mail.com
CUST100477,Nour,Saleh,
CUST100478,Yousef,Saleh,user72283@mail.com
CUST100479,Rana,Zayed,user71045@mail.com
CUST100480,Ali,Fahmy,user60661@mail.com
CUST100481,Ali,Zayed,user66352@mail.com
CUST100482,Yousef,Khan,user27394@mail.com
CUST100483,Omar,Fahmy,user33978@mail.com
CUST100484,Omar,Nasser,
CUST100485,Omar,Nasser,user49756@mail.com
CUST100486,Maya,Saleh,user29833@mail.com
CUST100487,Sara,Malik,user52965@mail.com
CUST100488,Hassan,Fahmy,user70395@mail.com
CUST100489,Sara,Nasser,user88081@mail.com
CUST100490,Hassan,Malik,user35862@mail.com
CUST100491,Rana,Aziz,user30963@mail.com
CUST100492,Maya,Saleh,user18484@mail.com
CUST100493,Lina,Aziz,user73136@mail.com
CUST100494,Maya,Khan,user52697@mail.com
CUST100495,Ali,Nasser,user65909@mail.com
CUST100496,Nour,Fahmy,user19458@mail.com
CUST100497,Ahmed,Saleh,user21020@mail.com
CUST100498,Ali,Nasser,user65189@mail.com
CUST100499,Maya,Aziz,user68584@mail.com
CUST100500,Hassan,Aziz,user27423@mail.com
CUST100501,Ahmed,Zayed,user91304@mail.com
CUST100502,Hassan,Malik,user40793@mail.com
CUST100503,Nour,Fahmy,user97087@mail.com
CUST100504,Ahmed,Haddad,user48525@mail.com
CUST100505,Yousef,Aziz,user84302@mail.com
CUST100506,Sara,Khan,user43299@mail.com
CUST100507,Ahmed,Zayed,user36108@mail.com
CUST100508,Nour,Zayed,user34344@mail.com
CUST100509,Yousef,Zayed,user30096@mail.com
CUST100510,Ahmed,Zayed,user85796@mail.com
CUST100511,Lina,Malik,user18494@mail.com
CUST100512,Yousef,Saleh,user42237@mail.com
CUST100513,Nour,Haddad,user40327@mail.com
CUST100514,Hassan,Nasser,user23178@mail.com
CUST100515,Ali,Aziz,user14852@mail.com
CUST100516,Nour,Malik,user72228@mail.com
CUST100517,Rana,Malik,user40292@mail.com
CUST100518,Yousef,Aziz,user59004@mail.com
CUST100519,Lina,Khan,
CUST100520,Rana,Saleh,user25625@mail.com
CUST100521,Omar,Aziz,
CUST100522,Maya,Saleh,user86440@mail.com
CUST100523,Hassan,Malik,user19845@mail.com
CUST100524,Sara,Saleh,user33299@mail.com
CUST100525,Sara,Zayed,user44071@mail.com
CUST100526,Maya,Nasser,user97130@mail.com
CUST100527,Sara,Saleh,user23864@mail.com
CUST100528,Omar,Malik,user91257@mail.com
CUST100529,Sara,Fahmy,user14909@mail.com
CUST100530,Nour,Fahmy,user28529@mail.com
CUST100531,Sara,Haddad,
CUST100532,Omar,Haddad,user15011@mail.com
CUST100533,Ali,Khan,user95412@mail.com
CUST100534,Yousef,Aziz,user11491@mail.com
CUST100535,Maya,Zayed,user63607@mail.com
CUST100536,Yousef,Fahmy,user34267@mail.com
CUST100537,Ali,Zayed,user20215@mail.com
CUST100538,Lina,Fahmy,user74962@mail.com
CUST100539,Omar,Haddad,user18293@mail.com
CUST100540,Sara,Aziz,user61812@mail.com
CUST100541,Maya,Fahmy,user30257@mail.com
CUST100542,Ahmed,Aziz,user21947@mail.com
CUST100543,Hassan,Zayed,user62136@mail.com
CUST100544,Lina,Aziz,user63711@mail.com
CUST100545,Nour,Aziz,user97531@mail.com
CUST100546,Hassan,Malik,user16731@mail.com
CUST100547,Hassan,Khan,user84254@mail.com
CUST100548,Ahmed,Aziz,user64274@mail.com
CUST100549,Maya,Zayed,user57681@mail.com
CUST100550,Omar,Khan,user61213@mail.com
CUST100551,Maya,Malik,user36695@mail.com
CUST100552,Yousef,Fahmy,user66906@mail.com
CUST100553,Rana,Aziz,user65542@mail.com
CUST100554,Yousef,Saleh,user21860@mail.com
CUST100555,Nour,Aziz,user57805@mail.com
CUST100556,Maya,Malik,user31305@mail.com
CUST100557,Nour,Fahmy,user16775@mail.com
CUST100558,Hassan,Khan,user93973@mail.com
CUST100559,Ali,Aziz,user61998@mail.com
CUST100560,Nour,Aziz,user91552@mail.com
CUST100561,Nour,Khan,user76120@mail.com
CUST100562,Ali,Aziz,user55605@mail.com
CUST100563,Lina,Fahmy,user78309@mail.com
CUST100564,Lina,Saleh,user18794@mail.com
CUST100565,Nour,Haddad,user74292@mail.com
CUST100566,Ahmed,Malik,user35865@mail.com
CUST100567,Ahmed,Haddad,user15701@mail.com
CUST100568,Yousef,Nasser,user73273@mail.com
CUST100569,Nour,Aziz,user89645@mail.com
CUST100570,Ahmed,Nasser,user60842@mail.com
CUST100571,Omar,Zayed,user91309@mail.com
CUST100572,Nour,Malik,user31007@mail.com
CUST100573,Hassan,Zayed,user39107@mail.com
CUST100574,Omar,Zayed,user90573@mail.com
CUST100575,Maya,Saleh,user71991@mail.com
CUST100576,Ali,Nasser,user38591@mail.com
CUST100577,Ahmed,Fahmy,
CUST100578,Maya,Aziz,user30510@mail.com
CUST100579,Lina,Fahmy,user26129@mail.com
CUST100580,Hassan,Malik,user35243@mail.com
CUST100581,Maya,Haddad,
CUST100582,Ali,Nasser,user98113@mail.com
CUST100583,Ahmed,Khan,
CUST100584,Maya,Fahmy,user25431@mail.com
CUST100585,Rana,Khan,user69733@mail.com
CUST100586,Lina,Nasser,user92187@mail.com
CUST100587,Maya,Khan,user95069@mail.com
CUST100588,Ahmed,Zayed,user86365@mail.com
CUST100589,Sara,Haddad,user61014@mail.com
CUST100590,Nour,Malik,user68561@mail.com
CUST100591,Nour,Saleh,user33430@mail.com
CUST100592,Nour,Saleh,
CUST100593,Omar,Aziz,user74159@mail.com
CUST100594,Lina,Aziz,user68565@mail.com
CUST100595,Yousef,Fahmy,user70068@mail.com
CUST100596,Hassan,Zayed,user72025@mail.com
CUST100597,Ali,Fahmy,user18797@mail.com
CUST100598,Omar,Malik,user66439@mail.com
CUST100599,Nour,Nasser,user67929@mail.com
CUST100600,Maya,Zayed,user96126@mail.com
CUST100601,Nour,Malik,
CUST100602,Omar,Fahmy,user20779@mail.com
CUST100603,Rana,Fahmy,user51120@mail.com
CUST100604,Lina,Aziz,user77040@mail.com
CUST100605,Ahmed,Fahmy,user76050@mail.com
CUST100606,Omar,Aziz,user95556@mail.com
CUST100607,Rana,Fahmy,user27850@mail.com
CUST100608,Rana,Haddad,
CUST100609,Hassan,Fahmy,
CUST100610,Lina,Fahmy,user24363@mail.com
CUST100611,Maya,Aziz,user74470@mail.com
CUST100612,Yousef,Nasser,user31641@mail.com
CUST100613,Lina,Zayed,user38983@mail.com
CUST100614,Ali,Malik,
CUST100615,Hassan,Malik,user43059@mail.com
CUST100616,Ali,Aziz,user90416@mail.com
CUST100617,Sara,Aziz,user69821@mail.com
CUST100618,Hassan,Khan,user75826@mail.com
CUST100619,Omar,Saleh,user72928@mail.com
CUST100620,Ali,Aziz,user44454@mail.com
CUST100621,Maya,Malik,user41116@mail.com
CUST100622,Ahmed,Malik,user14827@mail.com
CUST100623,Rana,Zayed,user62883@mail.com
CUST100624,Ali,Nasser,user46463@mail.com
CUST100625,Sara,Zayed,user59393@mail.com
CUST100626,Sara,Haddad,user44647@mail.com
CUST100627,Hassan,Fahmy,user79562@mail.com
CUST100628,Sara,Saleh,
CUST100629,Rana,Saleh,user69380@mail.com
CUST100630,Omar,Haddad,user86027@mail.com
CUST100631,Rana,Saleh,user23711@mail.com
CUST100632,Yousef,Khan,user80215@mail.com
CUST100633,Rana,Zayed,user61675@mail.com
CUST100634,Rana,Zayed,user58688@mail.com
CUST100635,Sara,Haddad,user58358@mail.com
CUST100636,Omar,Haddad,user57218@mail.com
CUST100637,Sara,Malik,user20667@mail.com
CUST100638,Maya,Fahmy,user33167@mail.com
CUST100639,Yousef,Haddad,user16329@mail.com
CUST100640,Omar,Haddad,user77647@mail.com
CUST100641,Yousef,Nasser,user93786@mail.com
CUST100642,Ali,Fahmy,user86791@mail.com
CUST100643,Sara,Zayed,user50979@mail.com
CUST100644,Yousef,Saleh,user14429@mail.com
CUST100645,Ahmed,Fahmy,user48138@mail.com
CUST100646,Ahmed,Malik,user66653@mail.com
CUST100647,Maya,Khan,user57723@mail.com
CUST100648,Sara,Nasser,user27304@mail.com
CUST100649,Nour,Nasser,user90284@mail.com
CUST100650,Hassan,Fahmy,user12921@mail.com
CUST100651,Omar,Fahmy,
CUST100652,Yousef,Fahmy,user49811@mail.com
CUST100653,Hassan,Haddad,user56812@mail.com
CUST100654,Sara,Zayed,user64163@mail.com
CUST100655,Nour,Haddad,user87213@mail.com
CUST100656,Lina,Saleh,user58003@mail.com
CUST100657,Ahmed,Aziz,user72246@mail.com
CUST100658,Ali,Nasser,user11849@mail.com
CUST100659,Sara,Khan,user41927@mail.com
CUST100660,Yousef,Zayed,user69094@mail.com
CUST100661,Ahmed,Nasser,user93651@mail.com
CUST100662,Rana,Haddad,user97224@mail.com
CUST100663,Ahmed,Fahmy,user62684@mail.com
CUST100664,Nour,Haddad,user11506@mail.com
CUST100665,Lina,Aziz,
CUST100666,Lina,Khan,user55918@mail.com
CUST100667,Omar,Nasser,user85821@mail.com
CUST100668,Omar,Malik,user77840@mail.com
CUST100669,Rana,Nasser,user42571@mail.com
CUST100670,Ahmed,Aziz,user10052@mail.com
CUST100671,Rana,Haddad,
CUST100672,Maya,Saleh,user63213@mail.com
CUST100673,Ahmed,Khan,user30868@mail.com
CUST100674,Omar,Khan,
CUST100675,Lina,Aziz,user11618@mail.com
CUST100676,Maya,Khan,user96088@mail.com
CUST100677,Rana,Fahmy,user28647@mail.com
CUST100678,Ahmed,Haddad,user77929@mail.com
CUST100679,Ali,Aziz,user76446@mail.com
CUST100680,Ahmed,Malik,user64426@mail.com
CUST100681,Nour,Haddad,user32890@mail.com
CUST100682,Ahmed,Khan,user18358@mail.com
CUST100683,Maya,Zayed,user16355@mail.com
CUST100684,Nour,Haddad,user72642@mail.com
CUST100685,Lina,Aziz,user10832@mail.com
CUST100686,Sara,Aziz,user67232@mail.com
CUST100687,Ahmed,Haddad,user70983@mail.com
CUST100688,Omar,Fahmy,user95921@mail.com
CUST100689,Yousef,Zayed,user39615@mail.com
CUST100690,Sara,Aziz,user44265@mail.com
CUST100691,Ali,Zayed,user15087@mail.com
CUST100692,Sara,Nasser,user44511@mail.com
CUST100693,Omar,Saleh,user44863@mail.com
CUST100694,Omar,Aziz,user99028@mail.com
CUST100695,Rana,Malik,user78582@mail.com
CUST100696,Nour,Nasser,user48747@mail.com
CUST100697,Ahmed,Khan,user38442@mail.com
CUST100698,Hassan,Nasser,user76509@mail.com
CUST100699,Hassan,Malik,
CUST100700,Ahmed,Khan,user40947@mail.com
CUST100701,Maya,Malik,user36578@mail.com
CUST100702,Hassan,Khan,user52843@mail.com
CUST100703,Nour,Haddad,user60948@mail.com
CUST100704,Sara,Haddad,user41348@mail.com
CUST100705,Ahmed,Khan,user92666@mail.com
CUST100706,Nour,Nasser,user97193@mail.com
CUST100707,Sara,Aziz,user80301@mail.com
CUST100708,Maya,Malik,user79549@mail.com
CUST100709,Yousef,Saleh,user13475@mail.com
CUST100710,Ali,Malik,user40648@mail.com
CUST100711,Hassan,Zayed,user50337@mail.com
CUST100712,Ahmed,Aziz,user61322@mail.com
CUST100713,Yousef,Haddad,user20197@mail.com
CUST100714,Rana,Saleh,user32484@mail.com
CUST100715,Lina,Haddad,user13526@mail.com
CUST100716,Omar,Saleh,user91522@mail.com
CUST100717,Ahmed,Zayed,user55201@mail.com
CUST100718,Sara,Saleh,user13766@mail.com
CUST100719,Ahmed,Fahmy,
CUST100720,Ali,Nasser,user94350@mail.com
CUST100721,Omar,Nasser,user18890@mail.com
CUST100722,Nour,Malik,user18619@mail.com
CUST100723,Sara,Fahmy,user57632@mail.com
CUST100724,Rana,Nasser,user79978@mail.com
CUST100725,Yousef,Khan,user18643@mail.com
CUST100726,Rana,Haddad,user60311@mail.com
CUST100727,Hassan,Aziz,user36964@mail.com
CUST100728,Yousef,Malik,user14438@mail.com
CUST100729,Ali,Aziz,
CUST100730,Sara,Haddad,user93122@mail.com
CUST100731,Nour,Nasser,user92776@mail.com
CUST100732,Rana,Aziz,user72536@mail.com
CUST100733,Maya,Nasser,user22826@mail.com
CUST100734,Ali,Haddad,user94714@mail.com
CUST100735,Yousef,Khan,user51830@mail.com
CUST100736,Sara,Aziz,user44230@mail.com
CUST100737,Ahmed,Haddad,
CUST100738,Nour,Malik,user47040@mail.com
CUST100739,Ahmed,Fahmy,
CUST100740,Nour,Zayed,user52051@mail.com
CUST100741,Ahmed,Saleh,user88906@mail.com
CUST100742,Lina,Khan,user47702@mail.com
CUST100743,Ahmed,Nasser,user14060@mail.com
CUST100744,Hassan,Fahmy,user14095@mail.com
CUST100745,Ahmed,Saleh,user22884@mail.com
CUST100746,Ali,Fahmy,user16306@mail.com
CUST100747,Yousef,Haddad,user38386@mail.com
CUST100748,Omar,Fahmy,user21913@mail.com
CUST100749,Yousef,Fahmy,user47632@mail.com
CUST100750,Omar,Saleh,user10170@mail.com
CUST100751,Ahmed,Khan,user47792@mail.com
CUST100752,Sara,Aziz,user17073@mail.com
CUST100753,Yousef,Aziz,
CUST100754,Hassan,Zayed,user74419@mail.com
CUST100755,Rana,Haddad,user34185@mail.com
CUST100756,Hassan,Fahmy,user87667@mail.com
CUST100757,Sara,Khan,user77520@mail.com
CUST100758,Nour,Haddad,user30826@mail.com
CUST100759,Yousef,Nasser,user38143@mail.com
CUST100760,Omar,Khan,user40346@mail.com
CUST100761,Nour,Khan,user24407@mail.com
CUST100762,Ahmed,Zayed,user20601@mail.com
CUST100763,Sara,Fahmy,user83564@mail.com
CUST100764,Nour,Haddad,user92304@mail.com
CUST100765,Nour,Zayed,user22471@mail.com
CUST100766,Omar,Aziz,user61720@mail.com
CUST100767,Lina,Aziz,user21294@mail.com
CUST100768,Ahmed,Malik,user94654@mail.com
CUST100769,Ahmed,Haddad,
CUST100770,Maya,Haddad,user44497@mail.com
CUST100771,Rana,Aziz,user81425@mail.com
CUST100772,Rana,Aziz,user59716@mail.com
CUST100773,Ali,Khan,user92672@mail.com
CUST100774,Ahmed,Nasser,user70412@mail.com
CUST100775,Rana,Malik,user87868@mail.com
CUST100776,Sara,Khan,user89344@mail.com
CUST100777,Hassan,Fahmy,user55676@mail.com
CUST100778,Ahmed,Nasser,user78384@mail.com
CUST100779,Rana,Malik,user69022@mail.com
CUST100780,Lina,Fahmy,user52380@mail.com
CUST100781,Omar,Haddad,user67514@mail.com
CUST100782,Lina,Malik,user43713@mail.com
CUST100783,Maya,Zayed,user26522@mail.com
CUST100784,Omar,Aziz,user94240@mail.com
CUST100785,Ahmed,Aziz,user41187@mail.com
CUST100786,Ali,Saleh,user45059@mail.com
CUST100787,Yousef,Nasser,user90914@mail.com
CUST100788,Yousef,Khan,user30445@mail.com
CUST100789,Ahmed,Haddad,user52803@mail.com
CUST100790,Maya,Nasser,user55695@mail.com
CUST100791,Sara,Zayed,user53001@mail.com
CUST100792,Omar,Malik,user43906@mail.com
CUST100793,Nour,Khan,user23343@mail.com
CUST100794,Lina,Saleh,user96232@mail.com
CUST100795,Omar,Khan,user60362@mail.com
CUST100796,Sara,Zayed,user29440@mail.com
CUST100797,Yousef,Aziz,user48981@mail.com
CUST100798,Rana,Nasser,user35715@mail.com
CUST100799,Maya,Zayed,user24007@mail.com
CUST100800,Nour,Zayed,user60900@mail.com
CUST100801,Ali,Saleh,user11653@mail.com
CUST100802,Ali,Saleh,user67216@mail.com
CUST100803,Ali,Aziz,user75599@mail.com
CUST100804,Ali,Khan,user48825@mail.com
CUST100805,Rana,Saleh,user28587@mail.com
CUST100806,Rana,Khan,user63046@mail.com
CUST100807,Ali,Aziz,
CUST100808,Rana,Zayed,user66364@mail.com
CUST100809,Lina,Malik,user86995@mail.com
CUST100810,Sara,Khan,user65201@mail.com
CUST100811,Ahmed,Aziz,user97542@mail.com
CUST100812,Sara,Aziz,user94107@mail.com
CUST100813,Ali,Saleh,user39963@mail.com
CUST100814,Ahmed,Khan,user94087@mail.com
CUST100815,Rana,Nasser,user66692@mail.com
CUST100816,Ali,Malik,user92349@mail.com
CUST100817,Nour,Malik,user64995@mail.com
CUST100818,Hassan,Aziz,user62446@mail.com
CUST100819,Hassan,Malik,user92524@mail.com
CUST100820,Ahmed,Haddad,user65519@mail.com
CUST100821,Maya,Khan,user12576@mail.com
CUST100822,Lina,Aziz,user63653@mail.com
CUST100823,Lina,Haddad,user96652@mail.com
CUST100824,Yousef,Fahmy,user33994@mail.com
CUST100825,Sara,Nasser,user52998@mail.com
CUST100826,Sara,Malik,user60948@mail.com
CUST100827,Maya,Malik,user23943@mail.com
CUST100828,Omar,Malik,
CUST100829,Ahmed,Aziz,user31081@mail.com
CUST100830,Maya,Haddad,user36189@mail.com
CUST100831,Ahmed,Saleh,user23249@mail.com
CUST100832,Lina,Malik,user69871@mail.com
CUST100833,Hassan,Khan,user72355@mail.com
CUST100834,Sara,Zayed,user93789@mail.com
CUST100835,Lina,Saleh,user58485@mail.com
CUST100836,Ali,Nasser,user63785@mail.com
CUST100837,Maya,Fahmy,user69888@mail.com
CUST100838,Hassan,Haddad,user99700@mail.com
CUST100839,Omar,Fahmy,user77343@mail.com
CUST100840,Sara,Malik,user26042@mail.com
CUST100841,Lina,Saleh,user90478@mail.com
CUST100842,Lina,Saleh,user17421@mail.com
CUST100843,Sara,Saleh,user60048@mail.com
CUST100844,Yousef,Aziz,user11744@mail.com
CUST100845,Yousef,Saleh,user65121@mail.com
CUST100846,Nour,Malik,user98458@mail.com
CUST100847,Yousef,Khan,user44754@mail.com
CUST100848,Nour,Zayed,user49779@mail.com
CUST100849,Sara,Nasser,user79084@mail.com
CUST100850,Maya,Zayed,user61375@mail.com
CUST100851,Lina,Haddad,user31565@mail.com
CUST100852,Yousef,Nasser,user19030@mail.com
CUST100853,Hassan,Fahmy,user93138@mail.com
CUST100854,Rana,Khan,user94174@mail.com
CUST100855,Ahmed,Malik,user39620@mail.com
CUST100856,Hassan,Haddad,user29171@mail.com
CUST100857,Lina,Fahmy,user93728@mail.com
CUST100858,Ali,Aziz,user64170@mail.com
CUST100859,Omar,Khan,user48580@mail.com
CUST100860,Ali,Malik,user95145@mail.com
CUST100861,Lina,Khan,user71525@mail.com
CUST100862,Rana,Saleh,user40206@mail.com
CUST100863,Omar,Saleh,user59302@mail.com
CUST100864,Sara,Nasser,user65850@mail.com
CUST100865,Rana,Fahmy,user73120@mail.com
CUST100866,Yousef,Fahmy,
CUST100867,Rana,Fahmy,user46858@mail.com
CUST100868,Hassan,Zayed,user95773@mail.com
CUST100869,Rana,Fahmy,user72855@mail.com
CUST100870,Yousef,Haddad,user91705@mail.com
CUST100871,Nour,Zayed,user96411@mail.com
CUST100872,Ali,Aziz,user30021@mail.com
CUST100873,Rana,Saleh,user60477@mail.com
CUST100874,Yousef,Zayed,
CUST100875,Hassan,Fahmy,user52559@mail.com
CUST100876,Yousef,Khan,user28402@mail.com
CUST100877,Hassan,Zayed,user55239@mail.com
CUST100878,Maya,Fahmy,user11964@mail.com
CUST100879,Nour,Fahmy,user37492@mail.com
CUST100880,Hassan,Malik,user95977@mail.com
CUST100881,Ahmed,Zayed,user89718@mail.com
CUST100882,Maya,Nasser,user28708@mail.com
CUST100883,Omar,Nasser,user34335@mail.com
CUST100884,Maya,Aziz,user55409@mail.com
CUST100885,Hassan,Aziz,user37333@mail.com
CUST100886,Maya,Malik,user80060@mail.com
CUST100887,Sara,Zayed,user89739@mail.com
CUST100888,Nour,Khan,user21849@mail.com
CUST100889,Hassan,Nasser,user81893@mail.com
CUST100890,Hassan,Malik,user48934@mail.com
CUST100891,Hassan,Nasser,user37931@mail.com
CUST100892,Omar,Khan,user67486@mail.com
CUST100893,Ali,Haddad,user25332@mail.com
CUST100894,Nour,Malik,user44667@mail.com
CUST100895,Yousef,Saleh,user28263@mail.com
CUST100896,Yousef,Nasser,user83033@mail.com
CUST100897,Ali,Zayed,
CUST100898,Ahmed,Haddad,user28929@mail.com
CUST100899,Yousef,Haddad,user42317@mail.com
CUST100900,Omar,Saleh,user80718@mail.com
CUST100901,Yousef,Haddad,user10865@mail.com
CUST100902,Ali,Fahmy,user52032@mail.com
CUST100903,Hassan,Nasser,user83737@mail.com
CUST100904,Nour,Nasser,user48904@mail.com
CUST100905,Ali,Nasser,user59146@mail.com
CUST100906,Lina,Haddad,user98597@mail.com
CUST100907,Lina,Fahmy,user93498@mail.com
CUST100908,Hassan,Haddad,user94740@mail.com
CUST100909,Ahmed,Malik,
CUST100910,Omar,Nasser,user99468@mail.com
CUST100911,Ali,Nasser,user53313@mail.com
CUST100912,Ali,Nasser,user22317@mail.com
CUST100913,Omar,Khan,user73527@mail.com
CUST100914,Maya,Khan,user28938@mail.com
CUST100915,Yousef,Nasser,
CUST100916,Ali,Nasser,user91956@mail.com
CUST100917,Ahmed,Khan,user22381@mail.com
CUST100918,Nour,Malik,user57993@mail.com
CUST100919,Lina,Aziz,user78883@mail.com
CUST100920,Nour,Haddad,user37620@mail.com
CUST100921,Ali,Nasser,user54820@mail.com
CUST100922,Maya,Saleh,user82617@mail.com
CUST100923,Maya,Haddad,
CUST100924,Ahmed,Zayed,user56553@mail.com
CUST100925,Yousef,Malik,user62917@mail.com
CUST100926,Hassan,Malik,user45611@mail.com
CUST100927,Sara,Haddad,user55194@mail.com
CUST100928,Ali,Zayed,user95794@mail.com
CUST100929,Lina,Haddad,user25457@mail.com
CUST100930,Rana,Zayed,user51562@mail.com
CUST100931,Maya,Zayed,user26720@mail.com
CUST100932,Hassan,Khan,user93207@mail.com
CUST100933,Nour,Khan,user15249@mail.com
CUST100934,Lina,Saleh,user82652@mail.com
CUST100935,Rana,Haddad,user81486@mail.com
CUST100936,Yousef,Haddad,user62229@mail.com
CUST100937,Yousef,Khan,user10814@mail.com
CUST100938,Maya,Fahmy,
CUST100939,Rana,Haddad,user72266@mail.com
CUST100940,Omar,Nasser,user96247@mail.com
CUST100941,Nour,Malik,
CUST100942,Nour,Zayed,user81257@mail.com
CUST100943,Yousef,Khan,user90831@mail.com
CUST100944,Lina,Malik,user98303@mail.com
CUST100945,Omar,Nasser,user88159@mail.com
CUST100946,Ahmed,Haddad,user20879@mail.com
CUST100947,Hassan,Fahmy,user97425@mail.com
CUST100948,Rana,Haddad,user91956@mail.com
CUST100949,Lina,Khan,user23285@mail.com
CUST100950,Ahmed,Saleh,user14846@mail.com
CUST100951,Sara,Aziz,user23186@mail.com
CUST100952,Ahmed,Aziz,user95946@mail.com
CUST100953,Lina,Haddad,
CUST100954,Omar,Zayed,user28179@mail.com
CUST100955,Ahmed,Fahmy,user83675@mail.com
CUST100956,Maya,Khan,user49589@mail.com
CUST100957,Ali,Aziz,user14488@mail.com
CUST100958,Lina,Fahmy,user66449@mail.com
CUST100959,Rana,Fahmy,user85796@mail.com
CUST100960,Omar,Zayed,user17158@mail.com
CUST100961,Hassan,Malik,user78439@mail.com
CUST100962,Rana,Zayed,
CUST100963,Maya,Zayed,user65190@mail.com
CUST100964,Sara,Saleh,user63038@mail.com
CUST100965,Nour,Zayed,user11852@mail.com
CUST100966,Yousef,Zayed,user87838@mail.com
CUST100967,Yousef,Haddad,user96428@mail.com
CUST100968,Lina,Haddad,user72317@mail.com
CUST100969,Rana,Nasser,user81933@mail.com
CUST100970,Rana,Khan,user94476@mail.com
CUST100971,Rana,Fahmy,user29892@mail.com
CUST100972,Ali,Aziz,user65967@mail.com
CUST100973,Ali,Nasser,
CUST100974,Yousef,Zayed,user25947@mail.com
CUST100975,Hassan,Khan,user21552@mail.com
CUST100976,Nour,Khan,user25905@mail.com
CUST100977,Hassan,Malik,user12330@mail.com
CUST100978,Ali,Khan,user84578@mail.com
CUST100979,Ahmed,Aziz,user34564@mail.com
CUST100980,Ahmed,Khan,user57955@mail.com
CUST100981,Rana,Nasser,user28979@mail.com
CUST100982,Lina,Saleh,user21048@mail.com
CUST100983,Maya,Malik,user83071@mail.com
CUST100984,Maya,Aziz,user70369@mail.com
CUST100985,Nour,Fahmy,user43298@mail.com
CUST100986,Sara,Aziz,user16902@mail.com
CUST100987,Ali,Haddad,user11494@mail.com
CUST100988,Ali,Haddad,
CUST100989,Ahmed,Zayed,user99999@mail.com
CUST100990,Nour,Fahmy,user20443@mail.com
CUST100991,Ahmed,Fahmy,user50959@mail.com
CUST100992,Yousef,Zayed,user31757@mail.com
CUST100993,Sara,Haddad,user73744@mail.com
CUST100994,Rana,Khan,user51455@mail.com
CUST100995,Ali,Aziz,user85361@mail.com
CUST100996,Ali,Aziz,user71577@mail.com
CUST100997,Sara,Saleh,user28993@mail.com
CUST100998,Maya,Khan,user25296@mail.com
CUST100999,Rana,Haddad,user94526@mail.com
CUST101000,Sara,Khan,user64783@mail.com
CUST101001,Sara,Nasser,user69343@mail.com
CUST101002,Rana,Khan,user84293@mail.com
CUST101003,Yousef,Saleh,user46687@mail.com
CUST101004,Lina,Zayed,
CUST101005,Yousef,Malik,user88630@mail.com
CUST101006,Rana,Fahmy,user89406@mail.com
CUST101007,Lina,Saleh,user12031@mail.com
CUST101008,Yousef,Fahmy,user88792@mail.com
CUST101009,Sara,Fahmy,user86633@mail.com
CUST101010,Ahmed,Zayed,user42258@mail.com
CUST101011,Yousef,Haddad,user99760@mail.com
CUST101012,Yousef,Malik,user40717@mail.com
CUST101013,Ahmed,Nasser,user47133@mail.com
CUST101014,Yousef,Malik,user52143@mail.com
CUST101015,Rana,Fahmy,user65377@mail.com
CUST101016,Ahmed,Aziz,user15543@mail.com
CUST101017,Ali,Nasser,user28437@mail.com
CUST101018,Sara,Zayed,user84961@mail.com
CUST101019,Sara,Khan,user81807@mail.com
CUST101020,Omar,Nasser,user75532@mail.com
CUST101021,Sara,Aziz,user21149@mail.com
CUST101022,Lina,Fahmy,user73538@mail.com
CUST101023,Ahmed,Saleh,user36270@mail.com
CUST101024,Lina,Saleh,user40675@mail.com
CUST101025,Maya,Malik,user17544@mail.com
CUST101026,Hassan,Saleh,user70990@mail.com
CUST101027,Lina,Khan,user43388@mail.com
CUST101028,Ali,Fahmy,user11228@mail.com
CUST101029,Sara,Haddad,user70256@mail.com
CUST101030,Maya,Haddad,user80274@mail.com
CUST101031,Sara,Saleh,user18209@mail.com
CUST101032,Rana,Aziz,user85968@mail.com
CUST101033,Rana,Saleh,user44018@mail.com
CUST101034,Sara,Aziz,user78401@mail.com
CUST101035,Omar,Khan,user76344@mail.com
CUST101036,Rana,Zayed,user34792@mail.com
CUST101037,Yousef,Haddad,user22083@mail.com
CUST101038,Ahmed,Nasser,user47984@mail.com
CUST101039,Ahmed,Khan,user83981@mail.com
CUST101040,Ali,Malik,user77792@mail.com
CUST101041,Yousef,Aziz,user42283@mail.com
CUST101042,Ahmed,Zayed,
CUST101043,Ahmed,Saleh,user59026@mail.com
CUST101044,Sara,Nasser,user58715@mail.com
CUST101045,Maya,Nasser,user20713@mail.com
CUST101046,Sara,Zayed,user88277@mail.com
CUST101047,Nour,Fahmy,
CUST101048,Hassan,Fahmy,user89578@mail.com
CUST101049,Maya,Haddad,
CUST101050,Maya,Nasser,
CUST101051,Sara,Fahmy,user84117@mail.com
CUST101052,Hassan,Khan,user84341@mail.com
CUST101053,Sara,Fahmy,user46677@mail.com
CUST101054,Maya,Saleh,user68571@mail.com
CUST101055,Ali,Malik,user89786@mail.com
CUST101056,Ahmed,Fahmy,user43291@mail.com
CUST101057,Nour,Haddad,user54412@mail.com
CUST101058,Ahmed,Khan,user33689@mail.com
CUST101059,Ahmed,Saleh,user13607@mail.com
CUST101060,Ali,Nasser,
CUST101061,Yousef,Fahmy,user70067@mail.com
CUST101062,Lina,Khan,user18412@mail.com
CUST101063,Hassan,Zayed,user93865@mail.com
CUST101064,Hassan,Haddad,user25717@mail.com
CUST101065,Yousef,Zayed,user21790@mail.com
CUST101066,Maya,Zayed,user83987@mail.com
CUST101067,Hassan,Malik,user21768@mail.com
CUST101068,Yousef,Aziz,user97781@mail.com
CUST101069,Nour,Nasser,user33942@mail.com
CUST101070,Yousef,Aziz,user30935@mail.com
CUST101071,Maya,Haddad,user40818@mail.com
CUST101072,Hassan,Haddad,user39061@mail.com
CUST101073,Sara,Aziz,user43536@mail.com
CUST101074,Ali,Malik,user17769@mail.com
CUST101075,Ahmed,Zayed,user13641@mail.com
CUST101076,Maya,Saleh,user16165@mail.com
CUST101077,Sara,Zayed,user77283@mail.com
CUST101078,Nour,Saleh,user94762@mail.com
CUST101079,Sara,Malik,user73363@mail.com
CUST101080,Rana,Nasser,
CUST101081,Hassan,Zayed,user10757@mail.com
CUST101082,Lina,Nasser,user98721@mail.com
CUST101083,Ahmed,Nasser,user87304@mail.com
CUST101084,Yousef,Khan,user95526@mail.com
CUST101085,Ali,Khan,user52456@mail.com
CUST101086,Ahmed,Khan,user61124@mail.com
CUST101087,Maya,Saleh,user73086@mail.com
CUST101088,Nour,Saleh,user67853@mail.com
CUST101089,Ahmed,Nasser,user28762@mail.com
CUST101090,Maya,Aziz,user11653@mail.com
CUST101091,Nour,Aziz,user35572@mail.com
CUST101092,Ahmed,Saleh,user30572@mail.com
CUST101093,Ahmed,Zayed,user38908@mail.com
CUST101094,Omar,Fahmy,user91088@mail.com
CUST101095,Rana,Khan,user28318@mail.com
CUST101096,Rana,Fahmy,user22712@mail.com
CUST101097,Omar,Saleh,user60473@mail.com
CUST101098,Sara,Saleh,user92361@mail.com
CUST101099,Hassan,Khan,user54535@mail.com
CUST101100,Omar,Fahmy,user40655@mail.com
CUST101101,Ali,Malik,user92337@mail.com
CUST101102,Maya,Nasser,user53513@mail.com
CUST101103,Omar,Haddad,user17435@mail.com
CUST101104,Sara,Malik,user69162@mail.com
CUST101105,Ali,Malik,user28967@mail.com
CUST101106,Omar,Zayed,user29581@mail.com
CUST101107,Ali,Zayed,user63973@mail.com
CUST101108,Ali,Fahmy,user13331@mail.com
CUST101109,Sara,Zayed,user48869@mail.com
CUST101110,Yousef,Aziz,user31993@mail.com
CUST101111,Hassan,Malik,user24318@mail.com
CUST101112,Rana,Zayed,user73233@mail.com
CUST101113,Nour,Fahmy,user77299@mail.com
CUST101114,Nour,Malik,
CUST101115,Lina,Khan,user97592@mail.com
CUST101116,Omar,Nasser,user83392@mail.com
CUST101117,Rana,Malik,user47517@mail.com
CUST101118,Maya,Khan,user36426@mail.com
CUST101119,Maya,Haddad,user66630@mail.com
CUST101120,Maya,Nasser,user41283@mail.com
CUST101121,Ali,Aziz,user22788@mail.com
CUST101122,Omar,Haddad,user64478@mail.com
CUST101123,Maya,Zayed,user17534@mail.com
CUST101124,Ali,Saleh,user48472@mail.com
CUST101125,Lina,Saleh,user93861@mail.com
CUST101126,Yousef,Saleh,
CUST101127,Yousef,Nasser,user54683@mail.com
CUST101128,Rana,Malik,user68065@mail.com
CUST101129,Lina,Khan,
CUST101130,Rana,Malik,user79020@mail.com
CUST101131,Ali,Saleh,user57198@mail.com
CUST101132,Yousef,Haddad,user63600@mail.com
CUST101133,Nour,Haddad,user84886@mail.com
CUST101134,Yousef,Zayed,user33609@mail.com
CUST101135,Maya,Aziz,user40201@mail.com
CUST101136,Nour,Khan,user35783@mail.com
CUST101137,Ahmed,Nasser,user21458@mail.com
CUST101138,Hassan,Khan,user74943@mail.com
CUST101139,Ahmed,Fahmy,user32979@mail.com
CUST101140,Omar,Malik,user90272@mail.com
CUST101141,Maya,Saleh,user92371@mail.com
CUST101142,Nour,Zayed,user86406@mail.com
CUST101143,Yousef,Fahmy,user11315@mail.com
CUST101144,Ali,Nasser,
CUST101145,Hassan,Zayed,user63493@mail.com
CUST101146,Hassan,Khan,user17257@mail.com
CUST101147,Ahmed,Zayed,user55566@mail.com
CUST101148,Omar,Haddad,user93778@mail.com
CUST101149,Sara,Haddad,user74620@mail.com
CUST101150,Ali,Aziz,user63676@mail.com
CUST101151,Maya,Khan,user72470@mail.com
CUST101152,Rana,Haddad,user97226@mail.com
CUST101153,Ahmed,Aziz,user34386@mail.com
CUST101154,Hassan,Saleh,user58116@mail.com
CUST101155,Hassan,Zayed,
CUST101156,Ahmed,Malik,user85355@mail.com
CUST101157,Ahmed,Fahmy,user10608@mail.com
CUST101158,Sara,Zayed,user68427@mail.com
CUST101159,Omar,Saleh,user19350@mail.com
CUST101160,Hassan,Fahmy,user42076@mail.com
CUST101161,Nour,Nasser,user52071@mail.com
CUST101162,Nour,Nasser,user59989@mail.com
CUST101163,Ali,Haddad,user18022@mail.com
CUST101164,Nour,Aziz,user24114@mail.com
CUST101165,Sara,Malik,user74854@mail.com
CUST101166,Ali,Saleh,user13360@mail.com
CUST101167,Maya,Malik,user80429@mail.com
CUST101168,Yousef,Malik,user41920@mail.com
CUST101169,Ali,Nasser,user39320@mail.com
CUST101170,Lina,Saleh,user32004@mail.com
CUST101171,Rana,Malik,user42828@mail.com
CUST101172,Nour,Haddad,user13941@mail.com
CUST101173,Omar,Malik,
CUST101174,Yousef,Aziz,user35570@mail.com
CUST101175,Ahmed,Fahmy,user88564@mail.com
CUST101176,Sara,Malik,user70809@mail.com
CUST101177,Maya,Aziz,user68223@mail.com
CUST101178,Yousef,Khan,user22308@mail.com
CUST101179,Hassan,Nasser,user15920@mail.com
CUST101180,Maya,Nasser,user70928@mail.com
CUST101181,Sara,Saleh,user75635@mail.com
CUST101182,Nour,Zayed,user24423@mail.com
CUST101183,Maya,Haddad,user63169@mail.com
CUST101184,Lina,Malik,user80988@mail.com
CUST101185,Ali,Haddad,user39757@mail.com
CUST101186,Omar,Haddad,user85083@mail.com
CUST101187,Maya,Zayed,user61984@mail.com
CUST101188,Yousef,Khan,user12425@mail.com
CUST101189,Yousef,Aziz,user60953@mail.com
CUST101190,Sara,Zayed,user88255@mail.com
CUST101191,Hassan,Saleh,user78893@mail.com
CUST101192,Lina,Malik,
CUST101193,Ali,Saleh,user16811@mail.com
CUST101194,Hassan,Nasser,user54374@mail.com
CUST101195,Yousef,Khan,user53919@mail.com
CUST101196,Nour,Khan,user83980@mail.com
CUST101197,Ahmed,Haddad,user52025@mail.com
CUST101198,Hassan,Aziz,user83541@mail.com
CUST101199,Nour,Khan,
CUST101200,Yousef,Aziz,user99150@mail.com
CUST101201,Yousef,Saleh,user42674@mail.com
CUST101202,Maya,Zayed,user96916@mail.com
CUST101203,Ahmed,Saleh,user57766@mail.com
CUST101204,Ali,Saleh,user34575@mail.com
CUST101205,Lina,Fahmy,
CUST101206,Omar,Haddad,user76161@mail.com
CUST101207,Hassan,Malik,user39553@mail.com
CUST101208,Sara,Malik,user62042@mail.com
CUST101209,Hassan,Khan,user69471@mail.com
CUST101210,Yousef,Zayed,user15277@mail.com
CUST101211,Rana,Malik,
CUST101212,Ali,Haddad,user44835@mail.com
CUST101213,Yousef,Khan,user91719@mail.com
CUST101214,Ahmed,Fahmy,user81074@mail.com
CUST101215,Ahmed,Fahmy,user14689@mail.com
CUST101216,Omar,Fahmy,user42844@mail.com
CUST101217,Ahmed,Nasser,user11791@mail.com
CUST101218,Lina,Aziz,user15166@mail.com
CUST101219,Omar,Nasser,user50030@mail.com
CUST101220,Hassan,Fahmy,user31886@mail.com
CUST101221,Maya,Khan,user87894@mail.com
CUST101222,Rana,Fahmy,user77342@mail.com
CUST101223,Lina,Aziz,user21072@mail.com
CUST101224,Yousef,Nasser,user79970@mail.com
CUST101225,Ali,Aziz,user67668@mail.com
CUST101226,Sara,Fahmy,user27218@mail.com
CUST101227,Rana,Haddad,user63286@mail.com
CUST101228,Hassan,Nasser,user45928@mail.com
CUST101229,Lina,Nasser,user21514@mail.com
CUST101230,Ali,Haddad,user47639@mail.com
CUST101231,Ahmed,Fahmy,user89947@mail.com
CUST101232,Hassan,Nasser,user39047@mail.com
CUST101233,Rana,Nasser,user36370@mail.com
CUST101234,Sara,Nasser,user58079@mail.com
CUST101235,Nour,Zayed,user81831@mail.com
CUST101236,Rana,Malik,user72633@mail.com
CUST101237,Omar,Khan,user50698@mail.com
CUST101238,Hassan,Saleh,
CUST101239,Lina,Malik,user34746@mail.com
CUST101240,Hassan,Fahmy,user60223@mail.com
CUST101241,Maya,Malik,user61964@mail.com
CUST101242,Rana,Malik,
CUST101243,Ali,Haddad,user41266@mail.com
CUST101244,Rana,Malik,user52661@mail.com
CUST101245,Sara,Saleh,user47331@mail.com
CUST101246,Lina,Zayed,user38330@mail.com
CUST101247,Rana,Haddad,user12855@mail.com
CUST101248,Ahmed,Haddad,user18755@mail.com
CUST101249,Sara,Fahmy,user55612@mail.com
CUST101250,Omar,Khan,user18128@mail.com
CUST101251,Lina,Nasser,user67658@mail.com
CUST101252,Ahmed,Zayed,user24318@mail.com
CUST101253,Ali,Haddad,user98822@mail.com
CUST101254,Maya,Khan,user30253@mail.com
CUST101255,Lina,Malik,user97587@mail.com
CUST101256,Sara,Saleh,user98518@mail.com
CUST101257,Ahmed,Malik,user90053@mail.com
CUST101258,Rana,Aziz,user77864@mail.com
CUST101259,Ali,Zayed,user72290@mail.com
CUST101260,Ali,Saleh,user92662@mail.com
CUST101261,Omar,Zayed,user26681@mail.com
CUST101262,Nour,Haddad,user23547@mail.com
CUST101263,Omar,Malik,
CUST101264,Hassan,Zayed,user86786@mail.com
CUST101265,Nour,Nasser,user62100@mail.com
CUST101266,Hassan,Haddad,user84967@mail.com
CUST101267,Lina,Zayed,user46609@mail.com
CUST101268,Ahmed,Nasser,user89604@mail.com
CUST101269,Sara,Khan,user69281@mail.com
CUST101270,Ahmed,Zayed,user47756@mail.com
CUST101271,Sara,Nasser,user48393@mail.com
CUST101272,Yousef,Fahmy,user78959@mail.com
CUST101273,Sara,Zayed,user60397@mail.com
CUST101274,Maya,Saleh,user10886@mail.com
CUST101275,Rana,Khan,user75476@mail.com
CUST101276,Hassan,Saleh,user49324@mail.com
CUST101277,Ali,Malik,user49850@mail.com
CUST101278,Lina,Haddad,user67100@mail.com
CUST101279,Lina,Malik,user86229@mail.com
CUST101280,Rana,Haddad,user53264@mail.com
CUST101281,Nour,Aziz,user89702@mail.com
CUST101282,Nour,Khan,user52705@mail.com
CUST101283,Sara,Malik,user65895@mail.com
CUST101284,Nour,Zayed,user11401@mail.com
CUST101285,Nour,Nasser,
CUST101286,Ali,Fahmy,user75187@mail.com
CUST101287,Omar,Nasser,user80312@mail.com
CUST101288,Ali,Malik,user80582@mail.com
CUST101289,Hassan,Zayed,user67299@mail.com
CUST101290,Lina,Aziz,user77799@mail.com
CUST101291,Hassan,Zayed,user66368@mail.com
CUST101292,Ali,Aziz,user56886@mail.com
CUST101293,Nour,Aziz,
CUST101294,Yousef,Fahmy,user69384@mail.com
CUST101295,Ahmed,Zayed,user98667@mail.com
CUST101296,Maya,Fahmy,
CUST101297,Nour,Fahmy,user63676@mail.com
CUST101298,Yousef,Aziz,user62545@mail.com
CUST101299,Nour,Khan,user85242@mail.com
CUST101300,Ali,Aziz,user34669@mail.com
CUST101301,Ahmed,Fahmy,user73794@mail.com
CUST101302,Sara,Haddad,user91868@mail.com
CUST101303,Maya,Saleh,user86992@mail.com
CUST101304,Omar,Zayed,user79486@mail.com
CUST101305,Nour,Haddad,user22090@mail.com
CUST101306,Yousef,Haddad,user51691@mail.com
CUST101307,Maya,Aziz,user19841@mail.com
CUST101308,Rana,Khan,user77186@mail.com
CUST101309,Ali,Haddad,user95973@mail.com
CUST101310,Yousef,Saleh,user55004@mail.com
CUST101311,Sara,Haddad,user76699@mail.com
CUST101312,Lina,Saleh,user65166@mail.com
CUST101313,Maya,Saleh,user78689@mail.com
CUST101314,Hassan,Saleh,user77057@mail.com
CUST101315,Omar,Malik,user34655@mail.com
CUST101316,Ahmed,Fahmy,user17886@mail.com
CUST101317,Omar,Aziz,user89053@mail.com
CUST101318,Rana,Fahmy,user84693@mail.com
CUST101319,Hassan,Haddad,user93428@mail.com
CUST101320,Ahmed,Haddad,user63925@mail.com
CUST101321,Rana,Haddad,
CUST101322,Omar,Zayed,
CUST101323,Nour,Zayed,user82473@mail.com
CUST101324,Rana,Nasser,
CUST101325,Ahmed,Nasser,user22910@mail.com
CUST101326,Sara,Saleh,user97570@mail.com
CUST101327,Omar,Saleh,
CUST101328,Maya,Khan,user82515@mail.com
CUST101329,Maya,Aziz,user94778@mail.com
CUST101330,Yousef,Saleh,user77415@mail.com
CUST101331,Lina,Saleh,user85296@mail.com
CUST101332,Sara,Haddad,user88871@mail.com
CUST101333,Ali,Saleh,user30548@mail.com
CUST101334,Hassan,Saleh,user76779@mail.com
CUST101335,Sara,Khan,user23120@mail.com
CUST101336,Omar,Malik,user78484@mail.com
CUST101337,Hassan,Nasser,user71278@mail.com
CUST101338,Sara,Khan,user18141@mail.com
CUST101339,Yousef,Zayed,user99727@mail.com
CUST101340,Sara,Khan,user52312@mail.com
CUST101341,Ahmed,Malik,user41229@mail.com
CUST101342,Lina,Haddad,user32205@mail.com
CUST101343,Sara,Saleh,
CUST101344,Hassan,Aziz,user86317@mail.com
CUST101345,Ahmed,Aziz,
CUST101346,Ali,Haddad,user91789@mail.com
CUST101347,Rana,Khan,user17166@mail.com
CUST101348,Hassan,Saleh,user61903@mail.com
CUST101349,Hassan,Fahmy,user15757@mail.com
CUST101350,Maya,Zayed,user91287@mail.com
CUST101351,Maya,Khan,user39215@mail.com
CUST101352,Maya,Malik,
CUST101353,Rana,Nasser,user32745@mail.com
CUST101354,Yousef,Nasser,user69695@mail.com
CUST101355,Maya,Saleh,user88977@mail.com
CUST101356,Maya,Malik,user74952@mail.com
CUST101357,Ahmed,Khan,user18850@mail.com
CUST101358,Sara,Malik,user61091@mail.com
CUST101359,Sara,Khan,user86653@mail.com
CUST101360,Maya,Zayed,user50521@mail.com
CUST101361,Ali,Fahmy,user73489@mail.com
CUST101362,Rana,Zayed,
CUST101363,Omar,Saleh,user21464@mail.com
CUST101364,Lina,Zayed,user56975@mail.com
CUST101365,Rana,Fahmy,user11000@mail.com
CUST101366,Ali,Malik,user48102@mail.com
CUST101367,Ahmed,Aziz,user57570@mail.com
CUST101368,Maya,Saleh,user79959@mail.com
CUST101369,Hassan,Nasser,user54024@mail.com
CUST101370,Ahmed,Nasser,user18578@mail.com
CUST101371,Omar,Khan,user65348@mail.com
CUST101372,Omar,Fahmy,user56038@mail.com
CUST101373,Ali,Aziz,user60772@mail.com
CUST101374,Rana,Zayed,user47170@mail.com
CUST101375,Lina,Khan,user67091@mail.com
CUST101376,Rana,Nasser,
CUST101377,Yousef,Malik,user54750@mail.com
CUST101378,Ahmed,Haddad,user41693@mail.com
CUST101379,Ahmed,Malik,user22141@mail.com
CUST101380,Rana,Zayed,user81416@mail.com
CUST101381,Rana,Zayed,user26750@mail.com
CUST101382,Ahmed,Zayed,user71217@mail.com
CUST101383,Maya,Nasser,user41481@mail.com
CUST101384,Yousef,Saleh,user56257@mail.com
CUST101385,Lina,Nasser,user63104@mail.com
CUST101386,Maya,Haddad,user86119@mail.com
CUST101387,Omar,Malik,user72384@mail.com
CUST101388,Rana,Malik,user39789@mail.com
CUST101389,Lina,Aziz,user98513@mail.com
CUST101390,Hassan,Zayed,user44178@mail.com
CUST101391,Maya,Aziz,user67717@mail.com
CUST101392,Ahmed,Nasser,user58233@mail.com
CUST101393,Maya,Khan,user62972@mail.com
CUST101394,Nour,Aziz,user37858@mail.com
CUST101395,Maya,Malik,user26094@mail.com
CUST101396,Yousef,Haddad,user21989@mail.com
CUST101397,Nour,Nasser,user45443@mail.com
CUST101398,Maya,Nasser,user60438@mail.com
CUST101399,Lina,Malik,
CUST101400,Lina,Malik,user29014@mail.com
CUST101401,Rana,Khan,user61109@mail.com
CUST101402,Yousef,Zayed,user33205@mail.com
CUST101403,Rana,Khan,user40351@mail.com
CUST101404,Hassan,Fahmy,user96867@mail.com
CUST101405,Nour,Zayed,user18923@mail.com
CUST101406,Omar,Malik,user57380@mail.com
CUST101407,Nour,Khan,user48922@mail.com
CUST101408,Ali,Fahmy,user50799@mail.com
CUST101409,Ahmed,Nasser,user47823@mail.com
CUST101410,Omar,Malik,user62294@mail.com
CUST101411,Ali,Zayed,user62871@mail.com
CUST101412,Omar,Fahmy,user70878@mail.com
CUST101413,Omar,Khan,user92394@mail.com
CUST101414,Ahmed,Nasser,user27323@mail.com
CUST101415,Nour,Nasser,user33120@mail.com
CUST101416,Nour,Haddad,
CUST101417,Lina,Saleh,user96980@mail.com
CUST101418,Maya,Nasser,user64076@mail.com
CUST101419,Sara,Zayed,
CUST101420,Omar,Saleh,user70631@mail.com
CUST101421,Sara,Haddad,user62497@mail.com
CUST101422,Sara,Nasser,user92421@mail.com
CUST101423,Hassan,Saleh,user48204@mail.com
CUST101424,Rana,Nasser,user89811@mail.com
CUST101425,Rana,Nasser,user98790@mail.com
CUST101426,Maya,Aziz,
CUST101427,Lina,Malik,
CUST101428,Lina,Saleh,user35963@mail.com
CUST101429,Ahmed,Nasser,user30472@mail.com
CUST101430,Omar,Aziz,user15142@mail.com
CUST101431,Nour,Aziz,user92504@mail.com
CUST101432,Omar,Aziz,user33549@mail.com
CUST101433,Lina,Khan,user39839@mail.com
CUST101434,Hassan,Saleh,user78259@mail.com
CUST101435,Nour,Aziz,user67007@mail.com
CUST101436,Rana,Malik,user85402@mail.com
CUST101437,Ali,Fahmy,user10127@mail.com
CUST101438,Ahmed,Saleh,user95907@mail.com
CUST101439,Rana,Nasser,user15630@mail.com
CUST101440,Omar,Aziz,user86693@mail.com
CUST101441,Sara,Haddad,user16205@mail.com
CUST101442,Sara,Aziz,user99269@mail.com
CUST101443,Rana,Zayed,user51753@mail.com
CUST101444,Omar,Zayed,user55306@mail.com
CUST101445,Nour,Haddad,user21290@mail.com
CUST101446,Omar,Khan,user61594@mail.com
CUST101447,Ahmed,Haddad,user90652@mail.com
CUST101448,Yousef,Saleh,user46852@mail.com
CUST101449,Omar,Malik,user55748@mail.com
CUST101450,Ahmed,Khan,user65571@mail.com
CUST101451,Yousef,Khan,user54603@mail.com
CUST101452,Ahmed,Malik,user92326@mail.com
CUST101453,Ali,Nasser,user76670@mail.com
CUST101454,Omar,Saleh,
CUST101455,Ahmed,Zayed,user66144@mail.com
CUST101456,Ahmed,Saleh,user26730@mail.com
CUST101457,Yousef,Aziz,user34811@mail.com
CUST101458,Rana,Aziz,
CUST101459,Ahmed,Fahmy,user83285@mail.com
CUST101460,Lina,Haddad,user81618@mail.com
CUST101461,Maya,Fahmy,user93560@mail.com
CUST101462,Nour,Haddad,user44115@mail.com
CUST101463,Yousef,Zayed,user17783@mail.com
CUST101464,Yousef,Zayed,user55512@mail.com
CUST101465,Rana,Malik,user36399@mail.com
CUST101466,Lina,Khan,user27981@mail.com
CUST101467,Yousef,Khan,user73759@mail.com
CUST101468,Sara,Nasser,user41178@mail.com
CUST101469,Lina,Aziz,user10770@mail.com
CUST101470,Rana,Aziz,user68331@mail.com
CUST101471,Yousef,Haddad,user94005@mail.com
CUST101472,Yousef,Malik,user49239@mail.com
CUST101473,Yousef,Saleh,user28597@mail.com
CUST101474,Yousef,Fahmy,user41558@mail.com
CUST101475,Ahmed,Aziz,user25462@mail.com
CUST101476,Yousef,Zayed,user32178@mail.com
CUST101477,Ahmed,Fahmy,user30288@mail.com
CUST101478,Yousef,Fahmy,user70447@mail.com
CUST101479,Maya,Aziz,user63228@mail.com
CUST101480,Yousef,Fahmy,user25004@mail.com
CUST101481,Lina,Zayed,user11621@mail.com
CUST101482,Sara,Zayed,user37057@mail.com
CUST101483,Hassan,Saleh,
CUST101484,Maya,Khan,user49833@mail.com
CUST101485,Rana,Khan,user50490@mail.com
CUST101486,Hassan,Khan,user24809@mail.com
CUST101487,Omar,Nasser,user68336@mail.com
CUST101488,Ali,Nasser,user57575@mail.com
CUST101489,Rana,Khan,user83076@mail.com
CUST101490,Rana,Saleh,user11417@mail.com
CUST101491,Ahmed,Aziz,user73638@mail.com
CUST101492,Rana,Fahmy,user53479@mail.com
CUST101493,Lina,Saleh,user83879@mail.com
CUST101494,Sara,Saleh,user94555@mail.com
CUST101495,Sara,Malik,user66916@mail.com
CUST101496,Maya,Aziz,user81181@mail.com
CUST101497,Sara,Zayed,user57093@mail.com
CUST101498,Ahmed,Aziz,user94476@mail.com
CUST101499,Ali,Zayed,user90393@mail.com
